ada:3549.24578527
bch:0.51814658
btc:0.1381102
eth:1.63322361
part:0.05931039
qrl:223.77622378
xem:455.7885141
xlm:988.38645911
xrp:267.89900207
evx:100
qsp:11000